x, y
-13.659538503290149,29.571552189042716
-32.82320512055823,-18.24799978822402
-6.060774176150034,5.629913940221252
-12.443484008440466,28.75240815274868
32.20849123073617,-21.93834297628378
9.708407232341706,-30.14093492940279
5.722779378659121,-24.15771994171923
31.358836843168937,15.536313133142155
-7.102594302734727,29.297425946935736
31.100929724164878,-23.5374057561084
12.82493630244928,23.37833398726762
22.219980836675255,4.395660336852178
30.741231149853487,6.986504712272884
0.8022408160190531,27.018713559799515
17.794985822455356,13.738062540579868
33.455832773162975,14.874865514658616
22.61098272347341,-17.37094053442196
-15.85598234729441,-17.811928752569962
11.014596858589687,12.553704723141113
8.56255488898648,-1.878658622486077
-15.256947476098615,28.626287886765308
11.235592296104423,20.74385131971477
32.181565513357924,-9.57932088941892
1.7497818364227085,27.08056014746542
-4.569692624764713,28.001276498877427
-23.9902463203287,2.623314580308417
-26.00657360786334,3.979465745579147
-10.121722999716468,-9.515581819987759
-0.4902437544079188,-10.604158616652267
-5.780286885942197,6.209541549385464
9.074526376638024,0.9452995847531636
13.04016620224727,29.78625058184488
23.237401688475558,-26.634440272303504
-33.235293469902004,-17.978746297247508
-14.924529753690956,-15.551656167351254
30.288716532139983,-24.64645829564318
32.36142475000733,-24.183758042110284
-11.924835605309639,-6.582347915879117
33.21806490610188,-25.056607572329135
-8.518401052471207,6.918335085297555
33.725234853860584,4.788620148654531
11.18119236027134,12.174059966961977
13.608689742379172,24.973799201515156
-29.378972272818444,20.02079218178394
17.714265639343957,12.090532088630779
-25.918107077316638,23.743287791580755
23.34616793838625,-8.774504601874062
24.678765598064523,-0.7847173262872116
-1.8396032395772774,-6.850446205302827
-33.31751976533673,11.373099158238432
33.37300707254779,-21.116079205606425
12.350245347766032,-29.397783270426974
-22.998217186343833,-27.150370516894245
-17.617491807081993,14.39923763506263
23.397670965210565,-30.409985788162807
25.81625058339702,-9.990822600463623
19.916163842113605,1.4505549687174843
-35.69241456044114,-19.11087851792249
-29.342431563436577,-17.810835239926664
-14.39209144215663,29.24327603576324
12.404308509613388,-31.265953110024828
-5.063336151445043,27.99394288496342
6.276670735208892,-18.39217020017535
-5.544300909292554,7.225510443307928
19.418528288277194,-17.97976303617338
-12.429462860846852,29.572239649037076
-5.997922902464533,6.656677458643117
20.768494587636347,14.717167202840773
10.527428243784145,28.29349359271676
-1.5730504915563608,-30.015880167853744
-31.41880270355139,16.10801940849339
-32.71932417630389,-19.40413517770353
-16.51177610994957,28.078353642494196
11.43313965656523,-3.2332891663496715
20.459516599131927,-26.858946981673334
27.276046680804143,30.593227013843507
14.197423998506727,11.76931638559125
21.483181384676758,11.736107163016028
-2.446425007395601,19.16075241265734
-14.805473981324047,14.243128962665605
-10.870580827726057,-25.960704184157976
18.113561221893825,-11.162172833430171
15.674114315535519,-12.523415331630268
22.23885900287423,-17.643112179761076
-33.58367820516437,15.47038411461048
28.055128614476708,15.373532055162462
-6.106455023387087,-10.977068318780104
21.311736916803362,2.647261474138407
-11.675815899309386,-24.58310768833629
-29.155888458153306,3.665914572180741
30.550872384361078,-20.7555919159073
24.07959225488412,-21.39687908169757
-31.596032712294303,17.284055067391964
8.6355087469916,30.723329227765152
-28.78704420326294,15.95026064784331
30.352571418661423,27.727941050794932
10.597646072608477,-17.84086567712815
9.19209653373907,11.749685722314501
-15.193943640920951,-16.730915884692056
-4.249097686087279,6.061106251416334
-14.855341718423666,27.97590194619908
-3.4958957248358615,8.108110989611797
-26.481336090254114,22.798243205340132
22.42503957523867,-31.99488372621443
-29.07052539113071,11.932054091584925
12.049988323537237,35.76939472363447
-29.13567252877841,4.090253683332806
0.12635793168454468,19.057115126848416
-20.653189209786955,-29.811036603609473
-22.054404190440188,-5.012477955688507
-28.259362017116526,15.500238951475088
-12.745608717837602,25.902747297676264
-25.164520224884836,-32.412785911400995
-26.66618135664912,12.737523873984362
-16.199548905074447,-6.13520527573381
26.13862186587268,9.938317835807064
-33.77374416596249,14.1912815808871
-15.273763096432393,12.292646339942076
24.037567722920652,-18.588262337120618
16.475750912310065,-10.112873707187841
-30.721105676647277,15.274710445171518
18.157660385837424,-12.152595321504553
21.076552865709562,7.230594660983798
0.29403629161029565,-30.651482354916137
-8.900012348557782,-24.398556146278594
-15.264763953008151,29.97740778256596
-3.4437984066811413,17.431775390350264
30.089962920582554,-21.85698895919679
21.68381880166662,-32.53047594120761
-15.452789598828627,-14.176695280863992
21.734923712467843,10.963230847853435
29.010300445618235,-10.367009844116875
-13.405842440397574,15.778882758433905
-31.01806886614204,12.449050071729253
-11.197904443831627,-23.13910776046894
-7.960329579056936,17.462028108559362
30.82600142703553,4.524087529737479
21.900599225478786,0.32711104357781784
14.466024030520913,-27.59953347636973
31.210444345045058,-22.10953675806644
19.544371929629154,-1.383619374251282
20.240708649053822,3.9245253118652337
32.09674531977929,-19.82393399163347
14.902087940270754,-28.446054306593926
24.442084474536557,-16.164944427627653
33.69847191640485,35.35925370411563
6.891176604663241,4.603797716800382
-16.05280133580469,26.3977892179216
32.80910366910888,13.334228361319083
23.070975587479616,33.61732509330709
33.3624950638887,17.343242764159776
-2.4825612386343607,30.68260058531311
-13.631426077820263,28.81295171808046
-12.875457323466165,-18.721238790711773
12.900694577917665,-26.031735392096557
-6.306996272502247,30.20057732935323
-32.221470375876216,12.38633716905319
-21.251279198584754,-29.820476614556256
11.225407673126089,16.051736018024634
8.175298282098396,-2.024161442511373
-12.52916953412292,32.74522047518501
13.626090714729365,-32.052188943620195
9.932219843947776,-1.9456681590296048
21.45593847713763,-16.108370036518373
-29.20088020000215,26.333866460913992
11.32150532664107,12.200079601015837
25.349570396818415,-6.401382513223783
14.434358132029718,-30.18835352966371
29.8508478300965,4.926856526661347
-26.06050558407942,1.5150120718448703
26.972212558325573,29.906793102886045
-15.568440966137477,14.751421612439296
20.90349902355862,16.700193655246007
-7.523547622808305,5.042495817263243
3.8734694446438036,28.535426631129777
10.879047773812061,10.381851358234265
