label, x, y
0,21.393352621093662,0.19613837525733968
1,12.418784542138107,-8.499202861777523
0,22.523148298816004,-18.2557323931555
1,-29.425236357014178,5.537621812346123
0,3.3783013320759876,-31.03666365863236
1,15.502309124007343,24.45452244643049
0,-24.918310954383028,25.392247148289858
1,-21.687067131956933,-6.28197019207573
0,-28.24236539129624,21.36564768904556
1,14.15305123994489,22.63581105179436
0,-15.072095310047885,-24.60979728182711
1,12.226552161180146,14.559045228894805
0,32.87514423882669,5.208706165272631
1,32.99834281035896,29.999485441655676
0,21.788177682308604,-34.12169093709259
1,13.256969052893389,10.97273985955006
0,-23.59661440500667,-32.37781535902211
1,20.056918915617697,8.721378369059321
0,16.018408737087867,-19.75177279367145
1,14.535577669538059,23.10027225825126
0,-10.667085890758308,-28.49672609448823
1,9.896148616676328,14.749820186452768
0,22.825948492137965,-18.77241503941078
1,6.699582436617322,2.516933219143082
0,8.777356342535835,32.57317699397552
1,17.427534121807817,10.260709105222741
0,-15.84967911475556,31.029484229364474
1,31.5115267764569,13.97106879567147
0,-23.30234960541264,-30.784545445313604
1,-27.844084548181918,4.366095475664767
0,11.597782196088104,28.538759248814117
1,15.793886136145817,24.091996437135673
0,22.74373805479918,-31.439204598708006
1,-18.677207596672066,-7.775352729047947
0,-28.617132792266784,13.691989640762163
1,-3.8881892938629727,4.100397356664832
0,1.2958797442176484,28.442412185748584
1,4.982892641024355,-1.352679132653686
0,9.10216683902125,35.70367065671411
1,26.512501939128146,-20.792396739105897
0,19.259515227517102,-28.817016752152504
1,15.017515611871618,-6.551199065005756
0,34.26930384822006,5.319870632806834
1,-35.27016211901815,-20.351896227918555
0,-31.779282690292145,10.886055096247695
1,-15.625532658043946,-19.340883298385172
0,22.52589502525648,-30.579187422159922
1,-26.394541327196848,1.4405814714922076
0,26.630514960072954,-7.85105925957303
1,25.90376805201656,32.30766411290809
0,-25.0483634582617,24.501571216906893
1,23.789166712727276,30.39086554257889
0,-30.917634482813643,12.158160317022917
1,33.70782793362815,-20.265885486746022
0,28.35408989839429,4.194474813057689
1,8.722199518854232,10.207337884983584
0,-0.9341693500366821,-24.39359551004526
1,-6.305136233467797,7.104406653345013
0,17.536724347250438,1.6083287276416343
1,-17.669600754096024,-17.514208238867994
0,23.136818508377907,-30.828490809486173
1,-28.174128374718297,-2.6619543575085416
0,5.613084029310206,-28.605832993654982
1,-3.5181636422561855,17.551885483134512
0,27.809884012496532,-12.123382993328987
1,-6.137237304328035,5.05198267630275
0,23.574998120457394,-21.91990390210734
1,-7.523591157561022,9.083114192424771
0,-7.089321490174137,34.98635937196168
1,-18.75385745938644,-5.674947129694676
0,9.194221055938156,33.83263536788602
1,-17.188961780001044,-16.64538345425601
0,-7.4498218294148675,28.949938727024097
1,21.603221353310538,14.047544880672111
0,-6.050007579836892,-9.554623762598212
1,31.326878188606315,16.072325003094175
0,23.352721533099377,-0.8112063294729508
1,9.772622761019955,-31.177873198428195
0,-2.2541839260624377,-7.2462142301632575
1,15.838347839205849,-9.32411993296113
0,-34.205657568068055,14.283714907161885
1,-17.41118315733553,-20.039157283718158
0,30.94333557817443,3.1987122252000475
1,11.734056143658487,15.846342422161797
0,-11.993751303412054,-9.634844656719988
1,-32.077365925791554,-16.65903607683042
0,14.183737406484756,33.49670056302706
1,-15.486705838608662,-17.99754158081518
0,24.11602713587951,-19.51482250367695
1,29.748633304793575,-20.074092540262367
0,-32.80207947960157,14.33214152170675
1,9.98966500511274,-1.1830846232702852
0,-4.496159759009889,29.337197186690936
1,-28.93677010780119,-17.529026401376104
0,-30.75604921777563,13.2902019307597
1,29.117635383585533,30.380731288504872
0,-21.85513966503428,-27.89739579844366
1,32.291347600790274,18.50910174165241
0,-8.561566409824184,-8.854313550088966
1,-3.3258011877061033,16.414953125224397
0,-13.21033694291732,-24.366973146689684
1,31.619152693585598,-26.587412042132616
0,-6.681921173133151,-11.97640497090545
1,-17.371402982324913,-19.43351624445115
0,29.81054935464413,6.497061203104666
1,-16.693360644383365,-5.8205152080467535
0,19.804650747820116,-2.8968952399549805
1,-36.290426925205736,-17.23871840132734
0,4.9059694070726385,-30.748339624801037
1,-27.6751649710798,-21.29382765301164
0,14.853200242562423,32.52409343468699
1,-15.150124897771265,-16.692572902581514
0,-24.01184682838079,-28.277117263501175
1,21.890055233520215,11.963963564886091
0,4.702789708171939,-16.50395324420407
1,27.6377791438358,14.171186116571722
0,1.5756972754067078,-33.046408942616196
1,-5.698169950321066,15.58507115722382
0,1.3455561179252324,-30.005731739545716
1,-23.91985709924377,2.7089919041745967
0,-6.436869428145667,31.370640602397724
1,10.938948738679064,12.37119619017872
0,1.4900630888353958,23.06608840056488
1,15.688544274830859,24.533398495982276
0,-3.7053811709383586,-30.108709387700742
1,-27.301956249931944,3.578873114389451
0,-28.783523638047335,12.88358260166487
1,8.175107585655894,-2.3957470529503184
0,20.482162872133316,0.5063406934830561
1,-35.014297120658696,-13.99778003606886
0,11.577015151986519,-16.118471970770933
1,-32.41929369832719,-13.410721125028136
0,29.492861978630533,1.0485985344648339
1,12.58440037044392,22.60951347280881
0,0.6815873718822395,-27.816682763643094
1,28.645170978037406,17.66705213060619
0,-5.288791653026236,-11.148222804284128
1,18.875063268992484,10.408783903318133
0,23.113336870453615,-17.683374889498985
1,-3.4201411612745245,8.219363226960315
0,-27.447143771400583,21.406778231388834
1,28.86055339305048,29.83460461670002
0,-0.10648534089462647,-29.37113517517265
1,35.93850813942469,-21.877199000339743
0,-6.8684702989794175,32.46682097565828
1,11.237929198443009,-0.28862805889826626
0,25.01407660505177,-17.137821935303002
1,5.562369310571301,0.786210075314989
0,1.5477962308039772,28.358759267187185
1,-19.6612858387554,-4.565378373107863
0,33.66518303365225,5.467916982112209
1,-5.011136356898339,5.114154715840054
0,11.699120773697922,34.92248454883636
1,13.159854569746308,-31.432008869011078
0,-24.77863839859353,-32.90011100785951
1,11.477787632669898,12.7995257549702
0,-26.98572607553862,-32.33057297110218
1,13.423854336558206,-29.24959098858515
0,0.8391017535067244,-27.01533969701633
1,-13.601270390715037,-17.111445849478336
0,25.930654261751343,-20.285058052111275
1,-14.659904547811962,-19.41678782510536
0,-0.019265259160370363,-23.600032555487644
1,16.726209493311053,-9.990246417116266
0,31.352392416174652,-8.66050901636258
1,21.606054977340044,9.703041779343536
0,-21.37180598105003,-32.22131632807962
1,-15.012235886170458,-18.234677411549484
0,20.95057651188562,-29.429916044254814
1,14.187904408417268,11.668911483974789
0,6.372899928911707,31.468502145062313
1,-26.083238602336717,1.793604798307091
0,3.476133824129143,25.17129958602282
1,12.798949121172031,9.435145001614245
0,-27.778208957239247,23.423744419374618
1,-35.19532961554164,-17.59710103974914
0,-5.034021035658837,-10.139924843733592
1,-16.205863546183675,-19.407728170869
0,-25.97076895220442,12.2644824676318
1,-14.393686958281057,-17.15540162907651
0,1.0519462420202297,32.42042475223872
1,-26.293369742678934,1.7997776134825154
0,-23.99720783334906,26.32751217160119
1,-33.56077313636664,-17.89634572509758
0,30.906137055320738,3.493745967036889
1,9.597372485921552,-0.8897018100286666
0,-29.386503342203174,21.097933653280474
1,29.62620256622514,17.686279016187903
0,22.04287156171866,-0.23405237885073982
1,-18.57128254391859,-5.658888756654929
0,22.020596294697306,-10.310715105468173
1,-17.545919178572344,-20.62720437823656
0,8.333111399418858,35.65943573622488
1,32.492396482185896,14.471624960934413
0,21.719010184122155,-16.854932301005697
1,-25.288819292215017,2.9679474787866424
0,23.51701564742824,-30.683784933853904
1,31.413482912874127,-23.192137230979895
0,23.744815375959135,-30.772565824832665
1,-16.023728739316986,18.485451858091032
0,31.416739065001643,3.6871319995539444
1,11.066195664180102,20.59746918975347
0,24.615073731331712,-4.7260276156470935
1,11.506556849756388,12.953547529287746
0,25.01261518377733,-7.398529228167886
1,14.86964919574453,-8.26879400670428
0,5.728229035115354,-24.25270786336305
1,-23.606143491657715,-2.6777630589490062
0,1.6922960811829686,-27.570688716326934
1,27.74512021722392,35.19233222726904
0,3.1062444843161003,25.835802729505815
1,11.182678773451794,10.456510241563311
0,11.177182038176511,-18.1761015884641
1,-27.376608800478294,-20.045334820027577
0,-4.8462103017979095,34.21791781851601
1,27.545962270650186,18.869234714626792
0,6.540400155763171,28.16967820828622
1,31.011412367064576,-23.4855440617838
0,-14.144715578694434,29.116207184382603
1,31.233956516543536,16.73623957154177
0,-32.4306860589678,11.903113830418008
1,-17.709328300574974,8.094703809080876
0,-29.496038561162564,21.950750694129347
1,-30.08321952209781,-12.171645033131458
0,27.485282726656784,-28.109188784049074
1,0.7501595140723962,20.385112009162114
0,27.7157137417515,-6.2429539540326155
1,27.88053694687239,17.917296639051006
0,7.102344542733054,-18.853572516678188
1,15.23564768977385,-9.465925742411782
0,-2.7701660656399327,33.214689767383064
1,-19.099595813996917,-1.6651937798718488
0,22.375509812144283,-33.693746934098314
1,22.641021846923852,10.436724912219129
0,0.2994064813192745,-32.52680388869487
1,-16.878281748890817,-4.583421257042882
0,-30.16479775357116,13.25015814327561
1,9.667754001756585,-1.1947145420041516
0,-4.74587470765832,29.00445728729954
1,-26.431646608461822,-17.922694626450895
0,22.610464865189687,1.0966698361300373
1,15.218234024118038,25.709618566956692
0,5.231948768816754,-21.04278509695709
1,11.32785779839677,25.43487590058903
0,-28.51525205038027,25.705367858481452
1,12.429262855096407,-28.356798493993203
0,20.92227545514732,-21.44821131309901
1,-15.289354267194526,-4.573362590368971
0,5.42538527995858,-25.65825370428055
1,9.698848601312257,14.083552458853108
0,-12.117791369140722,26.71693152177948
1,15.648697937449255,-9.371526040097697
0,-25.770243375745004,-35.20249798253372
1,-17.824935151895883,8.252156919088897
0,2.0738190042015185,-26.48321431762701
1,-5.188748863122111,6.638123867690577
0,5.028570631149725,-31.686235860752387
1,30.849949709944156,17.156731484583148
0,-0.004191990839185866,-25.582150308696377
1,13.664612245732041,19.485560612932744
0,-27.109254659154374,24.321777556808783
1,29.605181029282413,18.798517578204358
0,-8.71526950523758,-26.22841293771725
1,10.76124919328896,16.27249815923212
0,1.2630349336227777,25.41370906406054
1,-25.53018902807962,-17.736749075539947
0,1.5424198667018687,27.360887386546672
1,30.44437409697429,16.1818990944051
0,24.19793165246498,-3.8836468400398525
1,7.164387836872247,-1.9788532905896705
0,22.186464028275374,-30.852548477513267
1,14.356240914591723,24.020782872676268
0,-8.122357431012158,29.308723515883717
1,-27.8670244392096,0.6410011548542637
0,8.401448713136372,35.2034308109375
1,32.24448797355523,-24.40852809370411
0,-29.74616407291289,11.864075974800848
1,29.077106459624147,-20.94187154888993
0,22.28581614084951,-8.119773199224948
1,-18.58068529968468,-3.627107815772483
0,-23.59504907958992,-31.16055996092538
1,27.075800836065344,16.373217113554997
0,-12.100034490936624,27.429542995646468
1,-19.528142500448087,12.98143579552112
0,-6.9608773706998175,-7.916627448985312
1,9.404375362464247,11.328503990440165
0,20.564616491207026,-17.835955322596945
1,30.69035794174768,16.594048842259355
0,10.388624769076419,35.05644798727452
1,9.896650560031231,13.686108100763258
0,-9.137854751635407,-24.205820823371475
1,-14.14690636457491,-16.09498051717223
0,-24.36210475029861,22.306545654599027
1,13.796158370274005,25.924249645766043
0,-14.645488995123346,25.81286809401075
1,-21.15941934124893,-5.691131032493233
0,1.1862058540572307,27.668796322213602
1,7.398897941972972,12.143118886771475
0,-10.995361949649133,-6.432209648465474
1,-25.348992556654437,1.9195293098762445
0,-1.9930280693804097,27.520249460065656
1,-25.123085682836177,4.793560810451514
0,10.441891159528263,-19.224702873496916
1,-6.731025581461969,10.133053082552298
0,-26.021712225265574,-28.184957868721757
1,12.073269970811012,12.07275162843817
0,-26.4875072021214,22.752248673803113
1,-25.553249413541582,2.271311032662418
0,-10.251942530726748,-15.323058634082077
1,-30.75519767473077,-19.18287671850084
0,-32.750417748490115,13.61680184867448
1,-16.945504955609252,9.878022962261678
0,-6.284465791341221,31.470515513934274
1,-5.452069008410199,14.969037435321637
0,-29.51342079986858,14.702231545431413
1,-16.625202260245956,-5.051464820615368
0,13.48597049495056,31.55965261776541
1,-28.800152121828273,1.9904806772801455
0,10.006067955154025,-18.92157426371329
1,-16.36378310193314,-15.986692958100189
0,12.19897064497167,-19.74874412524264
1,12.286455733037856,27.08443452351371
0,-0.9115300806404809,-13.20307746974573
1,16.823420684374224,-9.214539156607245
0,3.4378892276096686,-29.79369600736951
1,-21.94558206634551,-5.631612773342397
0,22.19227640374502,-32.395064841133646
1,13.70427318407198,-3.925486687758928
0,7.779328380422061,-16.970076041861976
1,-17.004280131238524,-18.27512601897724
0,-4.319917977532716,33.744671611490624
1,-19.95784103735281,12.459088349212038
0,1.6288738822400082,-27.814577644493003
1,30.22874082277089,16.34217082723413
0,-21.60375915281071,-29.299878823720512
1,31.142663451158416,18.204439612731626
0,23.417753876373695,-30.656791216938764
1,-24.81855206240573,-16.86395071362969
0,18.809572291719455,-33.11652776851547
1,13.696072979330866,-9.089996689462197
0,-4.370321537281837,33.00309016195095
1,-17.668877756002434,-4.760688389832125
0,-30.634937388592622,26.044022591140177
1,-31.73033760322676,-17.88510847501532
0,0.09804128375114174,25.744163602741374
1,-19.603209395935345,20.06431856633018
0,19.101798902157647,-31.40707664799699
1,-6.618367710820402,18.019157757138604
0,12.070040821479814,28.126363154402355
1,-18.12831927276352,13.4099433253166
0,-32.343094331908524,16.2931591589577
1,11.76275305516444,23.84997893234332
0,-10.845354364336087,-24.93485144794337
1,28.082278933309723,14.98431684824435
0,1.317749704447747,-28.264502598567088
1,-18.544915039327876,-3.6085346453271265
0,11.126277068963173,31.1731328794726
1,13.009237976377909,-28.400473504769433
0,-0.950466315574833,-32.27601224961942
1,-17.270776769890148,12.99165593680417
0,-1.383755317595094,-26.742833287030567
1,-18.34647079781411,-2.1259275469447614
0,10.692810398982521,-21.418273933256472
1,26.799139964344334,28.362275400095605
0,-22.390802790486706,24.267799714703653
1,11.165398217987672,-0.1932306993843036
0,-14.163252887834112,29.813532366848385
1,7.746498539471894,13.737556225879814
0,-17.446201564804248,30.847755333001942
1,8.883291741802083,15.32288186949845
0,23.185488094755918,-33.82644518873694
1,-27.121129392598963,2.571832060123352
0,1.8099283949498215,27.810055883862926
1,33.12634745098256,18.58840953629188
0,26.175216185373213,-5.69789904062344
1,-7.352073077282871,9.423773816863566
0,20.068673294231946,-32.82599457066195
1,9.435924716501763,-1.5634796052717301
0,33.332257840455924,4.45042526853998
1,15.998507871030958,-8.943709213239437
0,-10.396996019111704,-10.618723813854093
1,-2.3092230422307187,20.94593807541313
0,1.5947098025940103,27.186135308485323
1,-17.031599111858107,-4.417611219219223
0,10.619760367609185,32.11392999248646
1,8.488655768433402,-1.0988275837693309
0,-28.01413119088075,15.618118730338736
1,-15.836892072600717,-17.50597139807875
0,-11.215140503022058,-23.87904090993275
1,-14.918093411901603,-19.158640262019205
0,-27.67827217017345,12.723480586472542
1,14.039906214293076,-12.250879817816337
0,-14.138540445140595,-25.776852982609615
1,-7.351004336143316,17.81717927209627
0,-21.50652867715256,-32.8401689864553
1,28.59105170783123,31.271553701218675
0,-34.18917584029766,14.627119879948255
1,11.158799083996675,-30.00958892173051
0,21.79430099987999,-30.494962733951425
1,-2.0483520627842884,12.205257886299123
0,11.128621601600292,28.189969134502117
1,23.22474922054263,30.16957972989465
0,29.170694715332502,5.432954578911878
1,-28.02423340541196,-18.214880654514985
0,-1.810268521096333,-29.264824970958543
1,11.495627243151423,20.679657350418555
0,14.249045344491702,-16.91986466439376
1,11.835014631700613,21.569472882029196
0,-25.064576502751038,25.342503306385503
1,-0.8839268964310332,18.23063086852614
0,28.0915935052796,-12.046350065093497
1,11.02838651625739,-28.634988049340173
0,-26.281084648096115,-31.38609003393124
1,10.91039894347993,11.932957497242404
0,0.0858410787219881,24.566901853653068
1,33.76831272338742,-19.4492538932118
0,-7.030335367485576,34.898297885693125
1,-17.28653182058563,-2.918155281601604
0,21.005971609339575,3.5081994619103773
1,33.510855086140936,30.372623145190584
0,30.472976672869947,-5.695821326107278
1,22.594278346203538,11.292690008936294
0,20.804604036872263,1.6272847080751949
1,-23.801837986268374,-1.6441811643707132
0,-25.83898880780452,23.10339586471336
1,28.726229324199497,24.814292798157286
0,-6.673035669335137,31.274969486766523
1,-25.17141774885735,-17.869285184168444
0,-11.188786578958004,-24.878088610415293
1,12.06594711013135,22.195559869410342
0,-12.489888723351893,-21.585951976367884
1,28.714702727926404,16.800957244904996
0,-6.057977453309712,33.49850281707663
1,-6.540671857783729,15.694430926722873
0,0.7574681007351431,-31.378043109184798
1,-16.60308705540734,-4.266797422384964
0,24.83584374786766,-33.256199879310294
1,-33.02351027700424,-16.57650764861946
0,-6.547063000994186,-10.980778858977931
1,32.77630352002773,16.93523266918073
0,-2.9505530153183726,29.514484936600528
1,-16.364905115151533,-16.280548990507924
0,30.824579624268665,2.798551377223949
1,11.305614649386163,-28.847101840308444
0,20.573063165387108,-32.66594932951385
1,1.4983867726090478,16.89898369123719
0,24.62093642854585,3.6450190543743615
1,9.460516960031459,-31.545335820261847
0,4.587550327100558,-25.256459500313838
1,13.95013154742109,-26.178582295529257
0,4.456668088368915,-20.63603575948718
1,-17.03876769018071,12.000228490008427
0,24.13122585930375,-16.669739058021527
1,15.562688706805336,-29.395974847139154
0,-25.788674004534073,25.302202060987817
1,-19.16427194772006,11.634234126347144
0,10.084900547062873,33.05608727928636
1,33.91760824154239,-19.071314963800198
0,-19.82112093516758,-31.736889263049548
1,13.61939305583098,26.205649529310225
0,10.689656476629876,-18.538945110512977
1,-16.257146501544167,-20.54850837859406
0,1.71253145476415,28.06670642716109
1,-6.424495700720441,5.031468157380095
0,-30.030947954321338,13.217569686928966
1,-32.148018180851146,-16.15219023313555
0,-28.79700322899637,20.63508038251382
1,11.124346569491475,12.221582605121982
0,24.87615621636158,3.3416375353012477
1,-17.784348527461354,-20.04664824449892
0,-7.287280723112159,-26.133890380277432
1,35.11690348732809,-21.84563960447585
0,-4.695638398051417,30.861395892622564
1,11.130495834400351,-4.469140270444441
0,-22.41917915075191,27.004540781602707
1,-3.4016432037423883,11.697640552253283
0,23.66262645285357,-17.828352231750333
1,31.685095354684425,-21.470529242497133
0,25.510211879757556,-29.31637701908069
1,28.29456014119736,32.70579960320692
0,19.223203345366947,3.074985855426494
1,12.705779377581289,12.217424764607212
0,10.921567546404289,32.21330749467648
1,-16.415655298127106,-18.09966126472565
0,-23.87560227012979,25.129378287626658
1,-0.9019902409893485,18.16240940171393
0,26.79187508033641,-11.883713593700774
1,-19.30601711376797,-4.625213235736959
0,-11.62760290602409,-10.898263254752282
1,29.52045941802919,27.224483388057514
0,12.139390942067486,34.99919148530963
1,-18.387284100581216,14.948471239969356
0,-6.4719761380307705,-8.381971078932438
1,-27.741348847903453,1.2589037132149261
0,-3.9201944513823057,-13.563973459706459
1,-19.143200792991113,14.292917215568385
0,0.24158769927388613,-30.12859097433643
1,12.617379124922047,-2.4665365452577426
0,1.2912579956873431,-25.153571146419996
1,-28.306292274543807,0.5380323757414968
0,-23.65037069202607,-30.82720145097541
1,24.305935388692465,16.666554685361714
0,1.3233512772343166,-27.348324855069563
1,21.668238693263756,12.191314336737182
0,-26.122885699956765,22.98240013799857
1,32.13098342194463,36.458759976328246
0,-29.15588303854034,27.485474916606314
1,-14.470245706580666,-15.859689214207435
0,-1.6268131774861292,-6.425617584225447
1,-17.523945427480516,13.468603488006481
0,-11.147274639322424,31.293665812216705
1,-2.114419684347785,7.034145462732319
0,22.263538549325297,-17.74131379346674
1,18.210856266357954,12.566220326219135
0,22.211619413173565,-16.261997425425207
1,16.811143047616465,22.66217415997347
0,-0.847566012667428,26.430298494276993
1,-8.456208394216844,18.38480579949339
0,-5.322888007843107,-9.97973900601705
1,14.11982834895567,25.17065420251898
0,-14.019983324963333,30.068791671723304
1,25.381370543947167,34.62171684207946
0,-9.754022809764749,-26.407095278602828
1,16.82293449504608,-13.05528609491319
0,-13.238379939216003,-27.300594153227976
1,-4.166624180720537,13.079172294550851
0,-26.439716432819093,15.267413281068617
1,-18.361577495816956,-19.441960434176792
0,-2.873256918957468,-31.3064145933679
1,-18.36592584621759,14.043415672244933
0,-6.418517319551071,33.76136439073604
1,11.67067368185154,11.498553026822627
0,9.871816115385027,30.63422551607626
1,-3.489736013661084,20.417230882834986
0,20.960360136043892,3.626305098225765
1,-28.009645900733453,1.711463953726483
0,-10.960349701266438,-25.037492983710635
1,13.215385387885956,-27.974084340994036
0,10.64161793414956,33.52972498026854
1,28.494824949435717,18.134894307234788
0,-11.69480649860574,30.06619740135934
1,10.898564419690947,11.853479662111152
0,28.502385242280454,1.0467709463031993
1,-5.986767169380696,6.806984452315158
0,4.053574997932426,-26.39974167427865
1,11.063605134847817,-27.143582836772108
0,-5.4837398769723915,-8.084435111555113
1,24.161942457787855,36.76617540079381
0,-14.846458868756928,28.689437626948113
1,-8.566242330297818,19.701913085546614
0,31.278648050172325,2.875046806932644
1,5.538103184731514,-5.484520122781005
0,0.9612319921006399,-26.914456892806605
1,-6.632721508882282,7.21255555961366
0,4.662554050684889,-28.35342525830021
1,-15.75995970308764,-17.64055084662735
0,3.9302590002179523,26.45749216722375
1,-5.279391647525216,2.578781856411827
0,10.035790475453306,31.009361217603626
1,-17.886295122567756,-1.9681468068189476
0,6.476827455757013,-27.295435168260934
1,-3.2826686931772016,21.1739447011008
0,33.082033444535995,6.10724991203492
1,12.873544631623222,-28.81109034523244
0,-21.39776960381863,-29.061471321124866
1,21.222522517683498,16.238812475841197
0,10.87182513009564,29.05976014095326
1,11.645510739944966,-28.690145092375744
0,10.332993826548345,-14.775792787144159
1,13.79845214694009,-31.856512514026125
0,5.2796094593064105,30.30952829413601
1,20.799485960711436,12.781446997564121
0,-20.89866166097715,-33.79776747594677
1,-16.527106460387614,-20.842607560486933
0,-20.828371595832174,-34.662658450838954
1,11.720374920794425,9.830327283108463
0,-8.244545263790418,-16.538483849262377
1,-18.121554356802015,-4.785798895275479
0,2.7439784343231324,-27.573094054122848
1,30.26560787069208,15.080354769072722
0,0.4125816496101309,26.561203509703585
1,29.540018791587684,-24.600819161936332
0,21.90983063823673,-17.89126896473974
1,-19.01622594058183,13.567736094888147
0,19.620370454862563,1.3142554489745897
1,-23.026416161251365,10.726577650490887
0,-13.860062945740324,28.616692908315244
1,14.959728907085916,22.8949124332788
0,-6.413831144577061,31.362240698565653
1,-15.286944960499325,-18.00674338574356
0,-26.786212448597052,26.95693654903727
1,-27.651524006339965,6.2130238792935115
0,-11.258217324887548,-26.102166848177315
1,-16.93405494998807,18.667671306217173
0,22.81251639467123,-33.30644213824746
1,34.28210012180157,-19.658071269678487
0,24.94970520713092,0.8194544781526424
1,12.010133429180813,11.25753100005386
0,21.62345527328477,-18.261488670103418
1,-17.7149756848607,-6.310053933558414
0,-11.810366074952775,-14.889867361303121
1,22.14623826175275,12.533137464037507
0,-10.823157650222925,-14.55080489572175
1,15.037176364666736,-11.19306195937994
0,-29.867649696640317,13.156821847175818
1,-4.686928371187613,15.005620595706825
0,12.42952457594253,32.90982530543756
1,8.280422663672233,-3.3274656077792644
0,28.45043980134482,-9.090408363851035
1,-32.50165591167884,-17.816567211909405
0,11.948933412095672,34.49134460732775
1,21.380071665612338,11.590324437869208
0,26.626110990157915,-8.165170637528965
1,16.956437790742786,14.107331946578727
0,33.17419796271118,5.9270871028783585
1,12.381309369160435,-1.9144686198059777
0,23.50992391550058,-2.349093360683321
1,-30.619132200509338,-0.40662374384989874
0,-30.616362686210437,26.624314835023295
1,-17.581878595838724,-5.221354914557403
0,-13.033225206319141,26.487834229591602
1,-20.797903911651467,2.388150437633282
0,22.566505194353372,-34.14973275695515
1,8.350872525626993,12.032157615965076
0,3.139414124549292,-23.986181037926475
1,30.67005381488226,-21.78090877121712
0,0.11176826516258043,-11.252340166992937
1,-26.666862106024784,-1.5483175637429767
0,11.286272233751031,-24.569955044207678
1,25.526730633462076,34.23786976485279
0,12.091012314077581,-15.178484814823314
1,12.480247670327667,23.01986581682489
0,-6.79781559535441,31.16741707865467
1,21.740917734639282,11.708647363778763
0,25.596289343611762,-8.140177124563534
1,-22.17558718161497,3.4830023181338396
0,23.991801559450636,-31.841436522229525
1,-18.823077855805554,15.570588955108601
0,-12.226982603485716,30.51426869814843
1,-24.298658607841748,-0.09354364972208917
